%YAML:1.0
---
type: IMU
name: sim
Gyr:
   unit: " rad/s"
   avg-axis:
      gyr_n: 2.1128441090930342e-01
      gyr_w: 7.6608672179263079e-04
   x-axis:
      gyr_n: 2.0979217652928378e-01
      gyr_w: 8.7892476922385692e-04
   y-axis:
      gyr_n: 2.1200088649612259e-01
      gyr_w: 4.7388502558538262e-04
   z-axis:
      gyr_n: 2.1206016970250385e-01
      gyr_w: 9.4545037056865261e-04
Acc:
   unit: " m/s^2"
   avg-axis:
      acc_n: 2.6880475784834718e-01
      acc_w: 3.2284733203170441e-03
   x-axis:
      acc_n: 2.6948829692364890e-01
      acc_w: 3.2601629627247914e-03
   y-axis:
      acc_n: 2.6870780042410064e-01
      acc_w: 3.3532682651142109e-03
   z-axis:
      acc_n: 2.6821817619729199e-01
      acc_w: 3.0719887331121291e-03
